image: goodwin2.pgm
resolution: 0.050000
origin: [-29.936405, -24.708804, 0.000000]
negate: 0
occupied_thresh: 0.65
free_thresh: 0.196

